DIAGNOSTICOS ECONOMETRICOS

=== SPEARMAN (coeficientes) ===
N amostra ABTD pós-filtros=2770 | N completo (todas variáveis Spearman)=97
                ABTD_L1  TAXAGG_ETRC_L1  TAXAGG_GAAP_L1  INOV_INC  INOV_RAD  INOV_AMBIENTAL  INOV_COMP  SIZE_L1  ROA_L1  LEV_L1   GR_L1  PPE_L1  INTA_L1  FISC_AUT  FISC_CRED
ABTD_L1          1.0000          0.7270          0.4385    0.0138    0.0049         -0.0919    -0.0326  -0.0408  0.2379 -0.1256  0.0157 -0.0231  -0.0551    0.0554     0.0832
TAXAGG_ETRC_L1   0.7270          1.0000          0.5559   -0.0647   -0.0454         -0.1108    -0.2637   0.0359  0.2273 -0.0575  0.0328 -0.0948  -0.1164   -0.0019     0.0241
TAXAGG_GAAP_L1   0.4385          0.5559          1.0000   -0.0292   -0.0290         -0.0587     0.0419   0.0040  0.1829 -0.1095  0.0584 -0.1056  -0.1488    0.0136     0.0739
INOV_INC         0.0138         -0.0647         -0.0292    1.0000   -0.0399          0.1138     0.2321   0.0756  0.1875  0.2360  0.1868  0.4871   0.1590    0.1435     0.2165
INOV_RAD         0.0049         -0.0454         -0.0290   -0.0399    1.0000          0.1371     0.3556  -0.4257  0.1258 -0.3154 -0.0484 -0.0969  -0.2512    0.3020     0.2116
INOV_AMBIENTAL  -0.0919         -0.1108         -0.0587    0.1138    0.1371          1.0000     0.7467   0.3437  0.0540  0.0236 -0.0436  0.1216   0.0419   -0.1479    -0.0072
INOV_COMP       -0.0326         -0.2637          0.0419    0.2321    0.3556          0.7467     1.0000  -0.0808  0.2385  0.0503  0.0512  0.1251   0.1189   -0.0823    -0.1472
SIZE_L1         -0.0408          0.0359          0.0040    0.0756   -0.4257          0.3437    -0.0808   1.0000  0.1110  0.4534  0.0540  0.0015   0.3491   -0.2187    -0.1417
ROA_L1           0.2379          0.2273          0.1829    0.1875    0.1258          0.0540     0.2385   0.1110  1.0000 -0.0647  0.2213 -0.0629  -0.0440   -0.1059    -0.0353
LEV_L1          -0.1256         -0.0575         -0.1095    0.2360   -0.3154          0.0236     0.0503   0.4534 -0.0647  1.0000  0.2017  0.2108   0.3289   -0.0678    -0.0367
GR_L1            0.0157          0.0328          0.0584    0.1868   -0.0484         -0.0436     0.0512   0.0540  0.2213  0.2017  1.0000  0.0829   0.0504   -0.0772    -0.0554
PPE_L1          -0.0231         -0.0948         -0.1056    0.4871   -0.0969          0.1216     0.1251   0.0015 -0.0629  0.2108  0.0829  1.0000  -0.0540    0.3196     0.3820
INTA_L1         -0.0551         -0.1164         -0.1488    0.1590   -0.2512          0.0419     0.1189   0.3491 -0.0440  0.3289  0.0504 -0.0540   1.0000   -0.0885    -0.0838
FISC_AUT         0.0554         -0.0019          0.0136    0.1435    0.3020         -0.1479    -0.0823  -0.2187 -0.1059 -0.0678 -0.0772  0.3196  -0.0885    1.0000     0.7483
FISC_CRED        0.0832          0.0241          0.0739    0.2165    0.2116         -0.0072    -0.1472  -0.1417 -0.0353 -0.0367 -0.0554  0.3820  -0.0838    0.7483     1.0000

=== SPEARMAN (p-values) ===
                ABTD_L1  TAXAGG_ETRC_L1  TAXAGG_GAAP_L1  INOV_INC  INOV_RAD  INOV_AMBIENTAL  INOV_COMP  SIZE_L1  ROA_L1  LEV_L1   GR_L1  PPE_L1  INTA_L1  FISC_AUT  FISC_CRED
ABTD_L1          0.0000          0.0000          0.0000    0.5432    0.9357          0.0127     0.6806   0.0653  0.0000  0.0000  0.4779  0.2955   0.0127    0.0123     0.0002
TAXAGG_ETRC_L1   0.0000          0.0000          0.0000    0.0113    0.4770          0.0065     0.0022   0.1418  0.0000  0.0257  0.2075  0.0001   0.0000    0.9384     0.3233
TAXAGG_GAAP_L1   0.0000          0.0000          0.0000    0.2656    0.6646          0.1661     0.6541   0.8714  0.0000  0.0000  0.0284  0.0000   0.0000    0.5850     0.0031
INOV_INC         0.5432          0.0113          0.2656    0.0000    0.4835          0.0011     0.0017   0.0002  0.0000  0.0000  0.0000  0.0000   0.0000    0.0000     0.0000
INOV_RAD         0.9357          0.4770          0.6646    0.4835    0.0000          0.0620     0.0000   0.0000  0.0225  0.0000  0.4091  0.0820   0.0000    0.0000     0.0001
INOV_AMBIENTAL   0.0127          0.0065          0.1661    0.0011    0.0620          0.0000     0.0000   0.0000  0.1194  0.5130  0.2298  0.0004   0.2296    0.0000     0.8353
INOV_COMP        0.6806          0.0022          0.6541    0.0017    0.0000          0.0000     0.0000   0.2793  0.0012  0.5187  0.5109  0.0933   0.1108    0.2708     0.0481
SIZE_L1          0.0653          0.1418          0.8714    0.0002    0.0000          0.0000     0.2793   0.0000  0.0000  0.0000  0.0087  0.9381   0.0000    0.0000     0.0000
ROA_L1           0.0000          0.0000          0.0000    0.0000    0.0225          0.1194     0.0012   0.0000  0.0000  0.0015  0.0000  0.0013   0.0255    0.0000     0.0663
LEV_L1           0.0000          0.0257          0.0000    0.0000    0.0000          0.5130     0.5187   0.0000  0.0015  0.0000  0.0000  0.0000   0.0000    0.0009     0.0712
GR_L1            0.4779          0.2075          0.0284    0.0000    0.4091          0.2298     0.5109   0.0087  0.0000  0.0000  0.0000  0.0001   0.0164    0.0002     0.0071
PPE_L1           0.2955          0.0001          0.0000    0.0000    0.0820          0.0004     0.0933   0.9381  0.0013  0.0000  0.0001  0.0000   0.0067    0.0000     0.0000
INTA_L1          0.0127          0.0000          0.0000    0.0000    0.0000          0.2296     0.1108   0.0000  0.0255  0.0000  0.0164  0.0067   0.0000    0.0000     0.0000
FISC_AUT         0.0123          0.9384          0.5850    0.0000    0.0000          0.0000     0.2708   0.0000  0.0000  0.0009  0.0002  0.0000   0.0000    0.0000     0.0000
FISC_CRED        0.0002          0.3233          0.0031    0.0000    0.0001          0.8353     0.0481   0.0000  0.0663  0.0712  0.0071  0.0000   0.0000    0.0000     0.0000

=== VIF (modelo base) | PROXY: ABTD ===
variable    vif  n_obs
 ABTD_L1 1.4886   2036
 SIZE_L1 1.1608   2036
  ROA_L1 1.6016   2036
  LEV_L1 1.2522   2036
   GR_L1 1.1073   2036
  PPE_L1 1.1308   2036
 INTA_L1 1.1358   2036

=== VIF (modelo base) | PROXY: ETRC ===
      variable    vif  n_obs
TAXAGG_ETRC_L1 1.0854   1393
       SIZE_L1 1.2169   1393
        ROA_L1 1.2006   1393
        LEV_L1 1.3410   1393
         GR_L1 1.1152   1393
        PPE_L1 1.1779   1393
       INTA_L1 1.2012   1393

=== VIF (modelo base) | PROXY: GAAPETR ===
      variable    vif  n_obs
TAXAGG_GAAP_L1 1.0681   1320
       SIZE_L1 1.1975   1320
        ROA_L1 1.1697   1320
        LEV_L1 1.3526   1320
         GR_L1 1.1195   1320
        PPE_L1 1.2032   1320
       INTA_L1 1.2211   1320

=== HAUSMAN | DEP: INOV_INC | PROXY: ABTD ===
chi2=152.178605, df=7, p=0, decisão (rejeita FE vs RE a 5.0%?): SIM
N obs=1934, N firms=258, anos=2016, 2017, 2018, 2019, 2020, 2021, 2022, 2023, 2024

=== HAUSMAN | DEP: INOV_RAD | PROXY: ABTD ===
chi2=-7.436466, df=7, p=1, decisão (rejeita FE vs RE a 5.0%?): NÃO
N obs=276, N firms=39, anos=2016, 2017, 2018, 2019, 2020, 2021, 2022, 2023, 2024

=== HAUSMAN | DEP: INOV_AMBIENTAL | PROXY: ABTD ===
chi2=2.646751, df=7, p=0.915647, decisão (rejeita FE vs RE a 5.0%?): NÃO
N obs=735, N firms=109, anos=2016, 2017, 2018, 2019, 2020, 2021, 2022, 2023, 2024

=== HAUSMAN | DEP: INOV_COMP | PROXY: ABTD ===
chi2=286.004129, df=7, p=0, decisão (rejeita FE vs RE a 5.0%?): SIM
N obs=162, N firms=23, anos=2016, 2017, 2018, 2019, 2020, 2021, 2022, 2023, 2024